87441
80079
689107
11104
55721
93970
47509
76179
33120
22926
98913
80383
74275
65130
502823
120100
29533
1040926
36690
245239
83774
34578
234751
30606
119859
176
65486
1386063
57602
73595
106760
517520
87449
118812
142503
47681
94575
560782
43555
469915
40450
4017
83960
50424
120750
114811
22281
17616
105246
50481
110936
317017
144571
107836
305437
962418
319567
59668
24119
21085
359151
330021
110780
39975
49053
1503701
67411
87511
1041488
30943
66844
1323025
432
497849
51606
255564
27456
94784
21331
68434
534573
74920
2701
32202
65777
1449101
102922
575108
60724
25922
407230
58507
69290
212826
79614
31558
585768
49572
54983
21931
50185
35929
107170
112854
43480
101155
115182
68546
202597
6369
101754
43768
100108
43711
57974
765341
87263
106160
311127
96437
42267
66328
41570
118802
22237
85178
271192
149545
23620
34271
57492
44101
68552
149140
90377
279624
645574
122888
84051
88376
10857
22397
27162
252459
8460
113060
71416
28446
4371
146981
269351
6905
127619
103056
7141
385753
113903
99465
258094
190199
24021
9028
83410
290801
44281
65889
22319
698320
17951
75621
127478
83666
697496
18936
11715
63380
116833
525395
127896
63430
35307
94651
73237
92711
47311
50177
11419
1046129
287711
16928
420479
38244
99565
19414
55401
112788
66681
35132
92834
303758
47513
47687
11883
37258
61931
105950
87995
349337
77060
126
56590
434567
54840
89232
265137
2428
78871
74391
26598
142580
46241
1161
2506
162326
102492
111442
7242
42849
59162
106259
1383316
733663
47974
34473
104287
109295
201055
72643
2691
963329
38328
774699
119303
43331
11431
220986
29416
54665
95723
15275
22527
71739
84448
11806
113460
62219
115754
52869
110107
41398
50930
80455
17470
123966
438726
76054
935389
81544
98134
48035
31471
1436993
47414
160278
253438
135167
133937
53920
84925
120285
37682
154325
606770
25540
40145
99476
33696
28039
111910
74559
105659
113819
103021
101794
82813
245780
42651
128290
144953
310627
37779
306981
29314
55138
55752
92468
99874
140646
40692
98695
73159
108732
125576
66561
123692
29832
74874
50683
811958
255566
391147
4984
42753
142411
35654
256970
639481
270889
69306
120509
22913
105577
5485
101645
10389
16135
164109
38501
144041
57708
34511
39398
36820
63536
3970
9716
64932
108907
67856
74424
76525
117474
54258
316847
8566
27802
30553
98870
29976
123562
300183
114827
329630
1071065
24215
385230
1003428
29442
97298
178560
53501
31194
64577
32109
276907
119798
34008
531686
16854
87517
57732
21574
72450
567131
31009
99879
422912
6609
112296
139723
20918
75396
52858
348663
122012
66464
356078
95785
111854
34225
5305
681263
123759
94769
44306
37651
108107
110397
20025
12543
49339
96219
59528
66552
94654
127169
5192
39110
119792
69519
131009
45444
33115
52914
33892
36918
9666
67739
442285
246776
8784
28956
118367
37766
55186
116827
131317
107106
64757
39793
51822
43508
94636
95913
77652
443619
79722
28173
109197
38124
18933
79873
404007
68154
43533
26355
90773
27489
44110
9240
857227
84915
18105
97345
63777
225755
83696
148383
14837
122233
65138
205335
179155
415484
78865
132923
40742
106192
222616
284671
14833
104404
10115
133609
132042
45704
472779
30529
16136
875672
1203941
66236
85501
106004
43983
38409
558463
853
16604
98211
384796
122161
29506
94866
564989
117669
6849
50328
3345
43821
84594
105985
745143
602619
745251
48484
108626
93555
20432
96866
1231
119740
23578
413685
3073
17068
115724
40140
112510
1107380
21139
3495
166977
19494
91878
121731
385119
108498
10
75321
27227
34148
66177
86571
26891
361936
47292
115425
144429
87496
10975
37799
45248
51151
19737
37603
66182
56820
833372
271890
1659
107400
14318
103710
52226
68677
274479
76102
65756
102503
5438
160944
43047
322189
51765
304672
31090
36516
11894
72615
1031475
700868
17108
91835
76604
127019
114544
105134
264120
55928
15400
219239
474439
113124
28435
1103
69612
750
21824
39842
204152
97837
4966
174
47761
129252
74764
332955
93096
16023
12727
58313
337829
39810
38777
84402
119938
82205
75144
82087
75654
312984
56196
34182
1010915
148930
101216
594176
42280
102008
16789
2927
99055
88441
965295
128240
535171
67061
117713
233934
400763
9831
14730
85819
15218
25005
2906
30017
530756
663263
102076
49668
158089
24999
62558
17888
91799
4005
83468
73394
96674
979896
118196
74578
103425
8727
181606
119342
134213
60071
41595
123539
91087
14050
403408
1500
78329
113257
10010
107157
117170
93977
941127
121371
57197
184591
377283
7229
71471
11417
350585
75781
103085
28324
69924
114427
107856
17603
38494
89504
81559
247286
41614
11993
11511
58608
56208
46486
50498
248262
12525
15649
1129898
43105
202260
290962
321278
24279
37332
237103
295
21221
109040
40062
74106
93284
57293
69805
9681
110104
16339
475400
43153
6329
55777
88793
13670
113988
471772
13367
367478
37477
27049
11147
111228
117888
91100
403906
21912
307254
117611
75681
89664
71216
525294
21946
30321
48080
17162
276016
81336
47510
2792
94141
126967
18988
84284
76108
3568
73771
68532
532173
253199
158358
38906
79809
5024
7783
641030
59265
54140
116977
40201
113761
143992
33404
103946
872110
322804
62663
767071
50824
22002
122542
55402
129948
18017
51793
181467
22659
847747
86432
9370
661079
306706
88605
109065
14959
114214
172
437
228192
147801
282057
145436
39673
2268
87209
53108
88421
30328
430628
116423
8172
71828
80997
123170
91949
121201
91564
26849
10400
71670
111979
122593
111985
27699
204852
95714
74223
86025
946777
199327
110037
34927
73930
380083
111799
573450
50540
25079
805972
55337
122315
101929
100990
36348
45780
94199
24371
92867
10554
3772
6299
96757
352381
659531
57303
78637
42678
89360
71956
314116
48483
123131
297369
714276
87907
106761
750002
695061
600
25804
433182
75230
89624
11523
192522
5883
71135
107194
26163
167999
101877
58692
28789
367818
92304
32216
65152
142721
118748
37829
42451
81914
24971
62561
122776
59990
103437
32745
26133
5083
459
5109
35558
63909
82532
23104
1635
41233
1269
29363
86827
47350
534982
3697
2180
88657
728993
118877
103674
125680
900937
39372
20248
56807
95237
14625
23502
100650
125157
798652
65898
65910
71911
17784
60902
44054
77958
109616
50308
34174
807929
13528
520172
106191
721247
214807
14184
27137
5023
38584
71860
20482
75689
124857
55740
10590
128111
181439
132921
271205
92390
199742
100171
84961
35045
341540
115777
109368
22455
1082692
248325
129733
92555
65596
18788
12074
55319
83149
122269
597027
523156
125567
21320
116070
15594
92377
52135
